"Df"	"SumOfSqs"	"R2"	"F"	"Pr(>F)"
"source"	1	20.398565521619	0.264445921063768	94.4639733483277	0.001
"season"	2	5.36283796191385	0.0695235467832782	12.4174168465112	0.001
"habitat"	1	0.357677586400268	0.00463691325153421	1.65637362848872	0.108
"source:season"	2	2.95913709606507	0.0383620963000335	6.85175257741733	0.001
"source:habitat"	1	0.374463813768084	0.00485452901244463	1.73410917969755	0.084
"season:habitat"	2	0.478745954285305	0.00620643714884523	1.10851532717574	0.294
"source:season:habitat"	2	0.562499423104104	0.0072922126746095	1.30244282266419	0.162
"Residual"	216	46.6430745658203	0.604678343765486	NA	NA
"Total"	227	77.1370019229761	1	NA	NA
