"Df"	"SumOfSqs"	"R2"	"F"	"Pr(>F)"
"source"	1	8.34776910747172	0.100108211929735	27.112641066815	0.001
"season"	2	8.96228374274768	0.107477601349845	14.554258696409	0.001
"habitat"	1	1.23067211248913	0.014758480148044	3.99708842294065	0.001
"source:season"	2	6.50855927717236	0.0780520188194026	10.5695443460527	0.001
"source:habitat"	1	1.00133450553195	0.0120082150813954	3.25222495816335	0.002
"season:habitat"	2	1.55560571292968	0.0186551525783918	2.52621860961624	0.001
"source:season:habitat"	2	1.28432247605793	0.015401866650127	2.08566946803995	0.001
"Residual"	177	54.4969089651312	0.653538453443059	NA	NA
"Total"	188	83.3874558995317	1	NA	NA
