"Df"	"SumOfSqs"	"R2"	"F"	"Pr(>F)"
"source"	1	2.33843200112963	0.0286586642519137	6.64179983713738	0.001
"season"	2	8.8044424838741	0.107902885757954	12.5035375472179	0.001
"habitat"	1	2.50677443161443	0.0307217856906746	7.11993934550757	0.001
"source:season"	2	2.47229419272796	0.03029921296284	3.51100291962392	0.001
"source:habitat"	1	0.965145703420578	0.0118283476513945	2.74128329269186	0.001
"season:habitat"	2	2.23378784548702	0.0273761973163612	3.17229060780645	0.001
"source:season:habitat"	2	1.71768422127376	0.0210510869525026	2.43935140632663	0.001
"Residual"	172	60.5574263086569	0.74216181941636	NA	NA
"Total"	183	81.5959871881844	1	NA	NA
