"Df"	"SumOfSqs"	"R2"	"F"	"Pr(>F)"
"source"	1	5.31592834003442	0.0528720144555992	15.4011450610941	0.001
"season"	2	7.99599677488877	0.0795278698331938	11.5828786959631	0.001
"habitat"	1	2.96432378089344	0.0294830478834971	8.58814822874287	0.001
"source:season"	2	5.32937009970981	0.0530057056693264	7.7200440581331	0.001
"source:habitat"	1	1.03334269422179	0.0102775858461118	2.99376886096784	0.001
"season:habitat"	2	2.24660961143954	0.0223446909465582	3.2544043399581	0.001
"source:season:habitat"	2	1.44739283199778	0.0143957122521749	2.0966711306196	0.001
"Residual"	215	74.2103647860979	0.738093373113538	NA	NA
"Total"	226	100.543328919284	1	NA	NA
